440.928,236.769,1
456.934,237.826,1
436.209,233.996,1
453.103,224.788,1
452.671,233.888,1
436.234,232.781,1
434.922,239.972,1
449.543,234.941,1
438.089,228.578,1
448.022,233.893,1
443.62,228.544,1
453.386,236.395,1
452.976,232.404,1
445.884,234.706,1
454.411,239.548,1
440.417,223.478,1
452.423,233.219,1
432.053,225.336,1
447.666,234.943,1
443.72,235.376,1
448.22,232.165,1
446.444,244.682,1
442.786,239.304,1
435.415,242.07,1
440.629,240.559,1
440.123,246.826,1
440.501,237.454,1
443.422,238.325,1
443.258,231.117,1
440.001,223.248,1
455.083,231.307,1
440.737,236.264,1
434.949,238.93,1
443.555,228.152,1
458.709,221.254,1
430.423,235.68,1
439.319,239.339,1
439.286,229.19,1
430.528,238.454,1
440.736,231.728,1
447.414,237.802,1
456.885,237.198,1
442.351,230.03,1
443.546,227.043,1
452.722,230.11,1
446.277,244.963,1
447.286,224.815,1
442.165,237.775,1
459.959,233.452,1
458.12,236.168,1
436.294,227.799,1
443.339,240.555,1
443.095,231.585,1
452.082,231.371,1
441.106,227.815,1
449.879,234.027,1
435.397,236.482,1
445.523,233.766,1
447.963,246.084,1
435.51,232.488,1
441.643,226.825,1
451.971,227.465,1
460.537,237.656,1
448.15,243.58,1
446.401,236.586,1
455.32,237.205,1
447.492,235.981,1
438.84,234.577,1
443.876,227.742,1
436.784,229.228,1
448.303,236.712,1
449.363,248.833,1
440.492,240.505,1
439.476,240.949,1
452.979,240.44,1
428.893,221.645,1
451.534,243.341,1
439.691,213.427,1
458.127,233.169,1
449.708,238.994,1
437.494,234.425,1
438.263,236.698,1
451.028,227.285,1
435.409,224.553,1
447.186,234.265,1
445.129,231.169,1
435.917,224.337,1
449.882,228.618,1
443.491,234.905,1
444.783,219.13,1
444.64,222.839,1
450.478,242.339,1
443.398,234.007,1
451.724,252.828,1
436.204,236.115,1
444.97,238.956,1
437.045,227.353,1
434.476,243.773,1
449.807,233.594,1
459.351,223.462,1
447.681,222.596,1
441.32,229.596,1
446.476,236.275,1
444.137,217.227,1
454.495,229.599,1
448.949,231.457,1
446.333,238.783,1
453.241,233.343,1
457.406,224.489,1
447.235,235.003,1
440.173,249.165,1
455.85,232.999,1
446.29,234.72,1
450.198,241.241,1
452.515,227.025,1
441.262,215.618,1
435.32,238.772,1
443.083,229.716,1
456.866,249.19,1
442.69,226.417,1
443.669,232.862,1
438.364,221.981,1
451.922,230.208,1
443.656,234.608,1
437.909,229.605,1
444.325,242.765,1
431.19,232.589,1
441.338,229.01,1
445.564,241.507,1
444.662,219.323,1
452.087,235.238,1
435.808,236.858,1
445.229,238.712,1
448.871,239.592,1
447.542,233.394,1
45.7477,558.748,2
36.8798,549.88,2
18.9702,531.97,2
35.9736,548.974,2
29.7143,542.714,2
28.2949,541.295,2
33.5368,546.537,2
29.8577,542.858,2
35.1484,548.148,2
49.3602,562.36,2
48.234,561.234,2
51.5555,564.555,2
31.0887,544.089,2
39.5502,552.55,2
55.1787,568.179,2
42.2859,555.286,2
27.6794,540.679,2
43.9284,556.928,2
45.8494,558.849,2
33.6083,546.608,2
30.3523,543.352,2
40.3917,553.392,2
43.9483,556.948,2
41.2359,554.236,2
22.3539,535.354,2
34.4601,547.46,2
24.0971,537.097,2
25.3289,538.329,2
43.9768,556.977,2
35.5134,548.513,2
37.9864,550.986,2
31.3713,544.371,2
46.6783,559.678,2
28.7691,541.769,2
20.0397,533.04,2
40.7462,553.746,2
41.4092,554.409,2
36.6605,549.66,2
57.6654,570.665,2
37.2065,550.207,2
33.1648,546.165,2
38.202,551.202,2
32.8376,545.838,2
47.6307,560.631,2
23.2605,536.26,2
26.734,539.734,2
36.2827,549.283,2
31.3232,544.323,2
35.0233,548.023,2
36.927,549.927,2
49.4286,562.429,2
43.6331,556.633,2
25.6665,538.667,2
27.6619,540.662,2
33.7478,546.748,2
56.0796,569.08,2
30.097,543.097,2
32.3348,545.335,2
32.5065,545.506,2
34.9972,547.997,2
14.8347,527.835,2
44.2264,557.226,2
27.0654,540.065,2
46.8195,559.819,2
47.7964,560.796,2
20.0075,533.007,2
48.698,561.698,2
26.4888,539.489,2
24.755,537.755,2
33.4935,546.493,2
28.186,541.186,2
20.4742,533.474,2
42.401,555.401,2
43.7819,556.782,2
40.7728,553.773,2
32.682,545.682,2
44.6444,557.644,2
40.4872,553.487,2
30.324,543.324,2
42.6478,555.648,2
28.4798,541.48,2
24.7714,537.771,2
37.4237,550.424,2
39.6374,552.637,2
25.1484,538.148,2
52.4121,565.412,2
33.5627,546.563,2
44.7024,557.702,2
36.168,549.168,2
18.1354,531.135,2
20.7801,533.78,2
47.3089,560.309,2
27.6829,540.683,2
58.7639,571.764,2
36.9796,549.98,2
45.9163,558.916,2
33.6729,546.673,2
29.9797,542.98,2
47.2898,560.29,2
29.2029,542.203,2
19.6298,532.63,2
22.2898,535.29,2
45.5738,558.574,2
33.5597,546.56,2
41.5519,554.552,2
41.3162,554.316,2
28.7149,541.715,2
37.9834,550.983,2
44.0521,557.052,2
35.8306,548.831,2
39.001,552.001,2
35.9508,548.951,2
139.546,263.575,3
123.275,246.24,3
140.093,267.214,3
123.727,256.969,3
126.062,252.541,3
132.491,257.206,3
125.27,247.479,3
135.686,264.913,3
138.622,273.67,3
144.922,259.033,3
140.682,267.73,3
138.218,261.591,3
136.767,256.311,3
135.154,262.922,3
133.236,252.432,3
138.437,256.629,3
127.371,254.749,3
132.957,249.457,3
148.75,267.595,3
137.529,262.198,3
134.828,269.481,3
133.512,273.196,3
146.783,274.046,3
112.116,248.949,3
132.99,260.65,3
127.947,261.878,3
123.984,255.843,3
120.346,255.455,3
130.508,253.32,3
130.359,254.978,3
128.336,265.533,3
135.162,262.585,3
127.712,252.118,3
131.357,261.37,3
139.853,265.252,3
122.52,258.722,3
135.327,261.872,3
128.307,249.813,3
130.138,246.455,3
135.886,269.188,3
134.521,260.926,3
134.565,250.248,3
136.522,258.514,3
136.316,251.662,3
139.704,267.878,3
129.556,266.908,3
137.309,256.45,3
145.88,266.916,3
125.871,265.178,3
133.194,264.379,3
135.62,261.032,3
147.566,265.17,3
121.749,257.817,3
143.217,263.792,3
133.622,262.912,3
126.447,251.837,3
125.676,254.597,3
127.023,265.121,3
122.291,242.515,3
129.27,261.562,3
126.451,249.832,3
145.174,267.161,3
141.834,262.521,3
132.003,267.466,3
133.694,258.843,3
135.75,266.663,3
140.773,254.811,3
138.784,260.226,3
109.892,243.095,3
121.149,254.208,3
127.693,255.186,3
139.332,251.944,3
140.603,258.698,3
125.846,259.974,3
134.733,257.175,3
129.573,265.732,3
134.984,253.682,3
142.119,269.38,3
128.449,251.081,3
148.817,269.914,3
127.684,250.661,3
128.102,256.155,3
138.237,267.587,3
127.521,254.043,3
122.993,251.225,3
127.592,263.092,3
141.686,269.199,3
131.112,259.091,3
130.06,249.35,3
136.903,258.69,3
126.465,257.797,3
144.425,276.538,3
125.035,240.155,3
143.074,272.699,3
143.305,268.996,3
112.28,261.482,3
127.026,260.45,3
132.819,256.875,3
143.868,273.418,3
135.227,259.9,3
133.142,252.59,3
123.104,262.742,3
134.006,260.97,3
137.964,260.079,3
146.54,264.658,3
127.532,250.44,3
127.321,264.878,3
137.284,249.363,3
126.325,261.153,3
137.069,265.486,3
132.931,261.419,3
123.912,259.967,3
130.857,245.941,3
135.272,265.984,3
125.809,252.07,3
131.58,264.241,3
118.783,235.412,3
129.87,261.866,3
120.811,237.992,3
138.04,259.835,3
130.303,264.24,3
142.615,269.708,3
124.751,251.996,3
145.892,270.366,3
129.077,253.014,3
125.84,254.995,3
125.825,259.395,3
126.196,260.712,3
130.841,253.731,3
130.989,256.888,3
113.49,237.595,3
128.068,256.014,3
128.994,255.461,3
146.331,276.105,3
138.097,262.93,3
125.041,259.085,3
126.501,256.753,3
151.987,270.602,3
139.594,258.509,3
139.999,266.391,3
138.538,259.417,3
122.974,256.799,3
125.622,267.218,3
132.17,263.241,3
139.328,265.774,3
127.486,251.289,3
131.32,268.275,3
135.657,260.388,3
143.5,259.003,3
142.548,259.424,3
127.656,264.212,3
130.507,265.48,3
126.338,264.069,3
127.179,250.129,3
129.621,252.757,3
127.611,254.694,3
123.818,249.523,3
130.204,254.44,3
121.269,247.718,3
139.403,258.753,3
130.971,259.274,3
128.05,258.339,3
146.763,253.082,3
129.028,257.162,3
139.14,257.836,3
128.575,258.05,3
127.58,263.08,3
123.332,257.265,3
142.809,254.25,3
131.158,254.409,3
114.856,238.253,3
139.086,262.335,3
128.99,250.088,3
146.512,267.124,3
142.077,259.341,3
116.379,249.11,3
138.667,253.104,3
143.226,261.818,3
121.52,249.492,3
143.424,272.978,3
130.5,263.085,3
143.37,273.027,3
1198.9,75.6488,4
1200.82,79.3819,4
1194.59,72.5552,4
1192.16,74.7749,4
1201.2,79.695,4
1193.53,67.9241,4
1199.53,76.3136,4
1197.37,74.4028,4
1198.32,78.3645,4
1201.14,78.326,4
1193.51,68.7585,4
1189.72,68.5966,4
1197.74,79,4
1192.07,70.4667,4
1189.24,66.475,4
1195.17,74.1208,4
1201.95,82.607,4
1191.02,70.7225,4
1195.39,70.6411,4
1196.05,76.3157,4
1191.16,74.9992,4
1198.09,77.5534,4
1190.3,71.9302,4
1199.18,75.2294,4
1193.49,70.631,4
1192.53,69.0544,4
1192.76,70.2141,4
1198.05,74.1389,4
1195.62,75.6336,4
1199.83,76.8058,4
1194.37,75.2499,4
1196.47,75.1054,4
1192.01,70.7952,4
1207.89,79.7648,4
1201.37,75.9783,4
1196.63,76.6352,4
1195.8,74.3398,4
1198.63,76.1516,4
1197.83,76.1564,4
1193.54,69.8071,4
1188.36,67.8905,4
1198.67,74.5609,4
1192.96,69.8792,4
1199.64,78.4418,4
1202.22,81.4029,4
1192.25,72.7224,4
1199.9,80.4327,4
1198.01,75.5202,4
1199.29,74.8035,4
1198.3,75.7357,4
1202.92,78.0061,4
1195.7,72.6777,4
1199.72,77.5765,4
1198.04,75.1427,4
1187.39,71.0826,4
1191.57,68.5353,4
1192.19,72.002,4
1200.46,76.573,4
1196.74,73.2414,4
1188.97,67.6336,4
1195.2,74.2047,4
1194.79,68.9933,4
1195.36,73.6943,4
1198.87,74.7471,4
1191.91,69.4956,4
1194.66,75.1738,4
1202.18,82.8287,4
1195.11,69.344,4
1204.6,79.4917,4
1194.28,73.0225,4
1198.76,76.4009,4
1197.08,76.3387,4
1193.01,71.8679,4
1192.79,69.3542,4
1200.73,78.4585,4
1192.44,68.2161,4
1194.77,71.9365,4
1191.24,72.7244,4
1199.35,75.6293,4
1200.44,79.9273,4
1192.25,72.699,4
1204.92,81.6772,4
1194.9,74.8362,4
1195.13,73.7051,4
1200.12,78.8498,4
1189.48,70.2366,4
1196.88,71.6006,4
1198.64,77.3427,4
1196.85,71.7378,4
1197.49,76.5255,4
1198.89,78.5993,4
1195.11,72.9513,4
1196.1,71.4538,4
1191.02,66.4122,4
1196.87,76.3835,4
1197.14,70.8379,4
1199.69,77.5241,4
1198.84,75.0144,4
1192.64,70.9082,4
1198,74.6511,4
1200.76,77.226,4
1192.43,74.9622,4
1199.59,78.9344,4
1202.59,81.6734,4
1194.52,74.6851,4
1198,75.1556,4
1196.58,72.4384,4
1194.13,73.6928,4
1194.77,67.4083,4
1193.59,75.8628,4
1190.49,70.2542,4
1192.55,73.179,4
1189.86,70.407,4
1197.88,74.5281,4
1201.64,74.4696,4
1194.55,74.4897,4
1193.35,68.134,4
1197.48,73.5054,4
1197.15,75.3258,4
1192.48,70.8915,4
1195,73.054,4
1199.08,80.7618,4
1199.32,75.7333,4
1197.98,77.9823,4
1193.71,73.093,4
1191.76,72.979,4
1196.36,74.5467,4
1197.9,72.761,4
1194.35,71.7635,4
1200.75,78.6385,4
1198.98,75.9754,4
1195.49,72.688,4
1197.82,68.5637,4
1197.41,76.8779,4
1192.39,70.2093,4
1191.89,71.9314,4
1201.49,79.5297,4
1197.29,75.9986,4
1196.29,76.9883,4
1194.77,75.5512,4
1191.72,72.4499,4
1198.02,70.7899,4
1194.95,71.5514,4
1192.36,73.0976,4
1203.26,80.6338,4
1197.07,73.1797,4
1197.35,76.3437,4
1192.61,71.7236,4
1198.31,74.5276,4
1195.5,74.3776,4
1197.3,74.0278,4
1198.23,76.6061,4
1201.66,80.5664,4
1191.71,70.3252,4
1191.94,68.9096,4
1199.81,81.8392,4
1198.25,74.2704,4
1194.29,73.9706,4
247.681,129.63,5
259.955,114.826,5
241.73,99.2535,5
246.542,119.174,5
259.013,118.308,5
242.872,99.3306,5
237.108,109.776,5
246.833,106.395,5
248.595,115.952,5
251.908,138.337,5
261.339,121.661,5
242.794,118.659,5
234.392,109.379,5
245.39,105.396,5
253.897,103.851,5
233.292,91.3669,5
242.216,108.802,5
228.527,90.5879,5
258.048,117.406,5
249.533,119.48,5
260.16,107.165,5
256.674,109.737,5
245.641,111.709,5
228.349,116.578,5
246.69,102.01,5
242.851,112.632,5
249.839,108.034,5
261.324,92.305,5
280.322,100.339,5
267.728,98.0306,5
259.26,114.419,5
238.94,120.11,5
234.128,99.3319,5
236.969,99.9499,5
251.032,116.229,5
239.875,118.224,5
259.583,110.638,5
239.84,111.98,5
252.413,112.465,5
240.422,100.635,5
250.065,109.7,5
250.275,111.298,5
241.796,121.905,5
234.802,113.546,5
238.043,107.932,5
257.196,103.425,5
249.203,115.688,5
238.004,95.8119,5
255.187,94.8165,5
236.846,116.309,5
239.873,100.278,5
250.807,116.843,5
230.523,112.303,5
235.758,117.878,5
244.774,107.382,5
250.552,117.467,5
235.713,112.089,5
229.182,128.552,5
248.196,119.766,5
244.342,106.064,5
239.469,103.823,5
249.75,113.833,5
247.573,118.361,5
254.666,110.741,5
243.529,103.398,5
226.983,122.816,5
261.957,113.82,5
230.701,91.2841,5
245.829,90.633,5
243.356,113.738,5
250.485,108.411,5
241.538,120.216,5
241.022,111.663,5
248.607,113.807,5
263.417,123.301,5
231.593,101.913,5
237.415,110.117,5
245.354,114.382,5
258.362,120.452,5
255.047,130.352,5
235.474,113.255,5
251.431,105.917,5
251.719,109.706,5
240.312,103.048,5
231.197,115.656,5
261.721,114.555,5
251.443,95.6396,5
246.406,116.01,5
240.354,113.769,5
239.639,123.002,5
249.01,111.282,5
234.929,107.751,5
252.986,116.912,5
241.461,119.259,5
257.016,108.106,5
248.865,95.9596,5
230.148,116.026,5
261.593,99.4181,5
235.371,110.273,5
236.689,115.124,5
243.769,111.736,5
236.035,119.098,5
248.89,109.324,5
232.53,105.073,5
253.708,110.318,5
251.649,105.046,5
239.319,119.789,5
254.42,112.461,5
260.39,117.593,5
237.792,109.783,5
246.249,129.385,5
231.977,115.606,5
255.021,112.604,5
263.484,131.125,5
264.215,114.391,5
251.373,115.529,5
241.465,107.573,5
220.251,107.85,5
243.588,101.644,5
253.125,125.202,5
242.542,118.943,5
238.267,117.189,5
257.852,119.622,5
237.637,115.318,5
233.427,113.668,5
240.529,103.988,5
257.802,105.19,5
255.026,91.8177,5
237.131,114.897,5
231.514,106.631,5
231.895,104.012,5
542.429,690.259,6
568.187,682.904,6
521.049,688.217,6
519.958,684.665,6
530.779,711.253,6
534.293,687.95,6
523.817,695.974,6
518.424,700.011,6
522.718,702.487,6
547.963,678.262,6
525.81,683.614,6
530.131,674.482,6
524.562,689.015,6
548.969,700.217,6
526.943,692.756,6
532.59,680.454,6
515.318,705.837,6
540.812,685.704,6
532.355,703.864,6
536.642,691.034,6
563.794,702.987,6
527.992,697.44,6
552.537,723.422,6
535.941,692.173,6
552.716,686.362,6
529.966,702.168,6
559.501,690.334,6
522.668,685.761,6
547.481,689.646,6
543.863,689.688,6
532.461,694.043,6
541.778,699.559,6
556.623,682.66,6
537.179,698.155,6
547.792,683.547,6
544.573,683.556,6
525.111,660.147,6
526.819,691.801,6
541.841,699.903,6
524.61,690.427,6
531.541,691.275,6
536.957,690.895,6
526.235,696.515,6
547.621,699.362,6
539.47,694.286,6
531.746,690.521,6
537.411,677.379,6
532.08,696.673,6
537.783,678.405,6
553.19,687.439,6
516.666,679.157,6
520.178,694.273,6
535.417,678.766,6
542.89,689.592,6
535.673,695.156,6
542.073,701.003,6
535.325,684.561,6
526.735,691.217,6
535.333,684.536,6
545.886,680.294,6
544.025,699.17,6
539.093,695.028,6
529.135,698.553,6
540.073,685.237,6
535.264,700.678,6
530.326,679.372,6
531.228,693.496,6
557.482,696.695,6
549.148,676.217,6
542.805,698.878,6
549.163,707.32,6
539.289,702.801,6
525.689,689.452,6
529.074,692.794,6
516.65,685.767,6
533.879,682.229,6
543.524,685.65,6
531.095,693.805,6
532.067,688.466,6
540.033,711.402,6
531.646,694.494,6
524.767,693.533,6
530.267,688.135,6
541.444,690.758,6
527.382,681.349,6
541.13,703.298,6
539.929,681.67,6
546.792,688.4,6
537.881,684.978,6
546.305,706.831,6
531.948,698.756,6
546.323,689.585,6
540.618,691.066,6
521.707,693.199,6
547.454,687.376,6
535.713,683.654,6
527.228,697.945,6
542.744,696.06,6
541.306,695.672,6
540.101,703.038,6
532.452,680.35,6
543.199,697.141,6
524.452,700.538,6
531.096,704.041,6
553.498,694.197,6
533.544,689.777,6
548.87,699.132,6
539.846,684.143,6
531.823,669.023,6
534.046,694.653,6
536.748,687.148,6
532.253,687.875,6
550.844,690.761,6
528.606,691.756,6
526.939,694.508,6
541.234,681.836,6
541.056,688.375,6
549.154,683.865,6
512.345,689.266,6
535.339,680.847,6
540.389,680.913,6
528.315,685.868,6
531.603,690.557,6
543.617,682.797,6
542.878,690.009,6
539.657,686.828,6
523.094,696.494,6
542.953,697.785,6
539.238,702.837,6
552.754,677.592,6
543.572,678.378,6
524.726,708.067,6
542.976,685.71,6
536.139,691.754,6
536.471,696.802,6
537.385,690.265,6
534.599,676.858,6
533.061,689.934,6
529.5,685.643,6
520.765,707.548,6
543.928,707.003,6
518.676,692.297,6
553.447,687.029,6
531.04,691.351,6
534.941,693.028,6
532.903,680.493,6
540.349,700.035,6
536.814,689.384,6
523.871,676.411,6
515.199,679.454,6
534.755,701.2,6
535.654,690.105,6
550.773,705.917,6
532.996,686.302,6
539.567,692.052,6
542.789,672.064,6
523.688,692.159,6
543.903,675.675,6
484.323,232.186,7
494.617,241.07,7
504.007,238.337,7
490.85,229.61,7
491.986,235.757,7
500.731,237.477,7
493.187,229.988,7
491.27,242.367,7
490.906,235.371,7
486.83,238.985,7
495.32,237.148,7
490.169,239.962,7
492.856,242.494,7
503.329,243.283,7
485.651,227.19,7
487.959,234.265,7
495.186,232.696,7
495.044,242.512,7
493.827,236.073,7
504.975,238.884,7
485.148,238.879,7
490.28,243.308,7
487.662,228.476,7
486.034,235.273,7
489.211,240.268,7
505.769,243.469,7
486.466,247.769,7
495.12,237.594,7
482.755,237.937,7
485.681,227.316,7
498.521,236.253,7
487.957,239.128,7
489.667,241.291,7
487.737,238.08,7
500.169,255.789,7
479.091,229.08,7
493.619,234.994,7
487.118,242.661,7
495.558,234.16,7
480.146,247.394,7
505.088,240.018,7
489.02,234.702,7
506.847,251.847,7
487.106,230.734,7
485.088,241.147,7
494.193,244.147,7
484.702,227.785,7
494.203,244.426,7
495.218,241.638,7
495.084,235.692,7
492.723,234.178,7
491.68,237.986,7
486.494,237.207,7
487.179,230.487,7
503.788,245.188,7
476.641,230.527,7
484.842,229.388,7
494.248,232.3,7
495.259,235.719,7
488.339,231.132,7
494.07,245.933,7
489.961,229.66,7
498.747,241.802,7
494.935,242.688,7
488.289,230.035,7
475.516,233.265,7
495.011,236.138,7
506.976,238.708,7
495.622,229.991,7
489.821,230.826,7
503.944,254.435,7
492.981,228.122,7
504.554,239.164,7
494.033,231.308,7
496.938,245.137,7
504.037,237.202,7
497.648,237.541,7
509.945,250.527,7
483.076,240.235,7
482.827,226.851,7
500.822,240.571,7
488.445,238.938,7
492.389,238.098,7
499.101,253.339,7
494.112,247.41,7
491.461,246.51,7
495.175,225.906,7
484.686,232.519,7
491.652,236.277,7
501.114,234.827,7
494.491,233.897,7
511.566,251.249,7
500.818,232.663,7
504.723,251.198,7
493.62,249.612,7
483.055,234.205,7
487.12,247.675,7
503.046,253.333,7
484.723,235.359,7
498.499,238.196,7
496.474,245.53,7
484.795,230.515,7
499.086,239.919,7
483.199,242.055,7
493.316,231.943,7
485.566,230.633,7
494.01,244.63,7
491.133,225.569,7
481.249,239.439,7
499.766,240.745,7
499.958,240.483,7
495.104,238.338,7
489.611,234.42,7
478.23,231.659,7
485.671,232.219,7
494.186,233.776,7
492.935,245.027,7
491.687,237.842,7
493.081,241.466,7
500.481,245.387,7
498.99,239.899,7
480.123,230.492,7
492.023,240.837,7
477.267,229.618,7
506.599,247.737,7
503.49,235.842,7
501.174,242.172,7
494.172,239.725,7
497.307,249.35,7
489.406,248.34,7
499.335,239.697,7
489.283,232.414,7
480.569,226.183,7
498.6,237.092,7
503.78,243.129,7
496.164,231.632,7
472.486,226.402,7
498.891,244.606,7
508.698,254.592,7
476.959,237.913,7
503.408,238.787,7
499.912,228.322,7
484.932,232.321,7
487.502,238.339,7
475.092,230.991,7
509.979,241.833,7
483.591,230.657,7
492.182,240.985,7
489.294,245.909,7
494.116,243.029,7
492.518,223.858,7
481.768,228.043,7
491.943,230.905,7
492.005,232.049,7
537.199,456.361,8
531.147,461.207,8
529.142,459.194,8
528.294,456.932,8
517.76,449.648,8
527.257,452.04,8
525.392,461.164,8
528.033,452.815,8
524.29,445.37,8
532.917,449.846,8
527.067,453.67,8
530.488,450.733,8
532.422,447.852,8
529.194,452.428,8
529.18,457.28,8
534.398,461.721,8
534.498,456.589,8
521.52,446.313,8
521.476,447.446,8
537.041,450.999,8
527.359,454.201,8
529.992,450.706,8
530.361,451.573,8
527.563,450.858,8
529.776,453.061,8
526.682,454.587,8
535.378,457.203,8
532.372,461.888,8
524.515,449.631,8
532.925,458.85,8
521.24,444.197,8
522.102,444.28,8
521.89,440.635,8
527.781,450.678,8
531.954,455.321,8
534.474,455.695,8
525.604,453.911,8
524.236,452.782,8
530.032,449.252,8
532.787,464.057,8
522.265,455.679,8
526.553,456.184,8
529.481,452.386,8
526.37,459.753,8
527.602,456.609,8
525.908,458.092,8
538.683,455.538,8
518.241,454.179,8
529.606,453.369,8
539.528,456.159,8
526.929,447.856,8
530.215,451.069,8
517.043,439.519,8
519.395,445.765,8
520.28,444.498,8
538.27,463.489,8
533.571,464.052,8
525.906,449.691,8
530.541,454.152,8
540.259,455.474,8
523.881,456.374,8
531.826,448.746,8
533.813,463.431,8
521.749,453.275,8
521.75,440.58,8
531.042,452.379,8
532.593,453.925,8
520.541,452.017,8
535.355,463.607,8
526.488,452.297,8
518.126,445.251,8
530.337,441.839,8
536.653,455.113,8
527.433,458.692,8
537.316,454.847,8
533.441,459.332,8
520.971,451.529,8
523.992,443.644,8
528.731,452.666,8
536.069,462.026,8
532.019,458.033,8
520.732,452.683,8
537.162,458.682,8
530.14,449.983,8
534.127,459.131,8
525.535,453.039,8
523.01,449.345,8
523.237,443.219,8
535.431,457.609,8
516.996,443.234,8
529.139,462.118,8
525.565,454.407,8
526.342,461.54,8
525.604,452.685,8
527.352,451.69,8
530.436,451.865,8
524.758,448.835,8
523.439,449.012,8
520.191,456.166,8
522.64,444.816,8
536.938,461.89,8
526.336,452.012,8
519.616,456.322,8
523.759,444.377,8
530.809,456.523,8
528.334,448.542,8
529.396,451.579,8
526.915,452.708,8
536.869,455.805,8
524.781,453.522,8
524.267,451.51,8
518.025,449.653,8
528.081,446.273,8
527.012,451.167,8
532.197,453.137,8
525.708,452.043,8
522.122,449.94,8
517.326,451.69,8
545.872,463.759,8
531.258,461.252,8
541.117,466.324,8
531.43,448.286,8
520.335,443.525,8
534.889,453.14,8
206.364,131.505,9
195.559,120.783,9
206.834,138.513,9
208.046,120.053,9
203.846,134.698,9
201.715,124.732,9
217.904,142.891,9
202.833,133.051,9
210.518,125.694,9
200.756,128.061,9
214.437,133.304,9
190.084,132.351,9
201.01,123.625,9
205.027,134.64,9
189.437,123.315,9
229.147,141.906,9
203.28,136.762,9
222.313,148.968,9
210.098,124.692,9
204.183,125.228,9
193.441,141.747,9
200.852,123.297,9
206.874,130.491,9
189.158,124.229,9
200.556,137.16,9
209.562,134.835,9
211.125,112.74,9
204.038,139.489,9
195.499,116.652,9
194.571,128.279,9
205.395,132.615,9
206.201,134.049,9
218.957,144.634,9
208.543,117.892,9
205.294,134.596,9
205.833,135.398,9
203.023,142.485,9
200.09,124.713,9
212.342,125.441,9
203.591,124.794,9
207,127.926,9
207.605,138.78,9
198.152,127.36,9
197.046,124.161,9
200.73,128.515,9
188.016,120.019,9
209.62,130.696,9
211.195,138.588,9
215.417,127.187,9
192.546,119.5,9
214.126,137.607,9
193.423,124.365,9
199.927,131.125,9
203.277,140.434,9
191.727,128.656,9
209.112,119.375,9
205.028,114.989,9
204.306,121.861,9
193.352,128.617,9
208.837,124.655,9
201.733,121.523,9
216.409,132.978,9
215.823,133.971,9
203.998,143.784,9
206.453,131.555,9
214.273,130.161,9
215.342,131.797,9
205.801,112.847,9
223.215,133.006,9
211.515,126.059,9
215.176,132.113,9
201.393,135.289,9
193.81,129.214,9
213.436,117.157,9
209.784,121.02,9
210.591,109.727,9
198.577,124.273,9
200.226,117.061,9
213.606,127.897,9
201.795,121.739,9
217.064,127.503,9
198.873,135.78,9
220.207,145.706,9
191.454,140.316,9
185.961,141.044,9
206.638,122.576,9
219.24,131.337,9
213.026,149.246,9
213.715,135.118,9
203.267,114.442,9
206.523,130.24,9
207.276,124.325,9
195.353,140.403,9
217.659,144.911,9
202.035,132.908,9
208.639,121.013,9
202.282,137.159,9
219.497,138.946,9
216.942,128.296,9
210.62,126.294,9
201.928,135.648,9
195.018,117.693,9
207.354,118.476,9
213.855,122.991,9
203.945,127.515,9
193.617,130.787,9
220.777,118.829,9
195.219,127.407,9
217.448,123.779,9
210.969,135.863,9
207.015,132.112,9
205.895,131.854,9
208.184,137.883,9
201.739,129.458,9
209.109,123.176,9
209.244,135.692,9
212.153,142.972,9
196.628,123.835,9
206.857,118.297,9
203.973,126.065,9
220.004,153.004,9
191.221,123.999,9
210.129,123.599,9
200.513,123.688,9
196.777,121.953,9
215.243,125.268,9
212.419,134.641,9
211.887,137.677,9
222.205,125.024,9
210.308,123.134,9
195.573,138.406,9
204.826,136.418,9
197.008,126.492,9
207.587,124.213,9
204.288,128.529,9
209.329,133.253,9
211.143,136.224,9
217.661,123.696,9
200.698,140.058,9
210.24,126.685,9
196.247,139.147,9
213.217,136.265,9
212.583,132.03,9
199.093,125.658,9
205.022,125.461,9
219.79,119.384,9
193.753,118.005,9
207.468,137.105,9
197.237,137.07,9
198.232,127.824,9
211.716,127.467,9
209.169,134.787,9
213.086,138.958,9
215.908,122.468,9
194.981,133.809,9
198.819,129.364,9
197.462,128.285,9
206.28,130.791,9
216.729,130.942,9
205.944,128.666,9
202.206,135.529,9
206.088,132.701,9
194.457,136.371,9
198.783,129.333,9
205.486,119.615,9
196.418,132.359,9
195.364,123.397,9
222.263,125.513,9
209.986,128.51,9
197.658,136.413,9
197.717,118.04,9
201.939,133.769,9
198.405,125.192,9
195.809,124.916,9
217.9,127.371,9
210.06,128.293,9
206.155,138.447,9
206.807,127.51,9
197.372,127.083,9
199.81,119.218,9
305.252,520.229,10
309.807,529.366,10
313.795,522.462,10
311.227,525.224,10
307.159,514.302,10
309.791,514.301,10
315.798,518.844,10
309.827,520.125,10
319.304,524.57,10
305.958,512.18,10
302.943,514.417,10
312.585,532.032,10
308.76,522.013,10
310.5,524.567,10
311.55,513.212,10
319.876,522.764,10
305.09,509.783,10
312.448,520.094,10
316.744,523.02,10
306.739,525.954,10
310.777,518.349,10
317.656,526.821,10
305.488,513.444,10
313.094,512.979,10
308.486,526.11,10
312.657,523.457,10
315.008,526.456,10
322.267,525.582,10
302.363,509.203,10
312.327,523.889,10
309.719,519.626,10
309.439,520.699,10
308.839,519.805,10
303.801,511.412,10
311.065,524.217,10
313.923,517.606,10
310.059,519.023,10
325.352,519.069,10
301.933,512.762,10
311.485,506.723,10
319.095,525.116,10
303.971,515.907,10
302.28,519.101,10
311.772,514.492,10
307.462,515.972,10
306.672,513.545,10
303.704,514.128,10
313.833,520.743,10
303.027,517.907,10
310.001,520.621,10
302.935,524.96,10
310.314,525.674,10
305.79,518.273,10
317.869,522.482,10
310.271,521.245,10
316.077,522.688,10
306.202,523.454,10
315.219,528.644,10
320.718,525.266,10
299.978,519.25,10
309.135,518.227,10
311.28,509.072,10
304.987,518.449,10
322.648,513.89,10
310.119,517.336,10
321.282,534.203,10
305.466,523.725,10
309.683,512.669,10
308.027,516.693,10
297.67,514.491,10
306.562,512.722,10
308.702,519.401,10
311.507,521.205,10
302.375,513.707,10
311.556,518.432,10
314.7,523.765,10
312.855,524.239,10
311.062,520.45,10
313.188,518.788,10
314.313,525.686,10
308.627,518.035,10
312.062,520.809,10
317.513,525.705,10
303.418,520.316,10
316.376,525.675,10
313.196,519.376,10
321.767,532.786,10
313.835,520.677,10
313.138,520.071,10
307.667,518.578,10
321.098,518.231,10
307.528,517.269,10
307.603,521.421,10
309.334,524.446,10
311.241,512.029,10
304.874,517.165,10
311.808,513.181,10
308.903,507.106,10
320.853,530.35,10
308.911,524.24,10
309.121,518.722,10
317.35,531.502,10
308.922,519.236,10
315.569,524.199,10
311.125,523.077,10
303.605,515.307,10
308.246,510.032,10
310.843,523.212,10
787.446,600.436,11
777.775,601.225,11
783.038,617.411,11
790.746,607.793,11
778.745,600.777,11
781.849,606.87,11
789.357,602.04,11
789.584,615.725,11
782.679,597.844,11
786.879,597.844,11
792.801,608.942,11
777.543,607.453,11
789.535,606.997,11
789.463,609.484,11
783.315,601.922,11
785.142,607.743,11
785.746,601.226,11
785.86,624.513,11
783.334,603.997,11
791.586,602.026,11
793.275,610.443,11
781.675,610.045,11
793.078,615.719,11
775.767,607.783,11
786.134,622.758,11
790.474,605.317,11
779.72,619.804,11
795.492,618.963,11
782.797,611.63,11
777.274,597.978,11
799.693,606.386,11
793.039,608.539,11
794.938,615.642,11
816.013,615.39,11
776.381,607.634,11
792.989,605.414,11
788.271,609.015,11
797.926,602.848,11
798.723,607.006,11
797.728,619.169,11
790.919,611.268,11
778.877,590.783,11
781.77,609.76,11
790.957,603.397,11
795.94,607.944,11
801.884,620.514,11
771.684,611.73,11
779.118,596.492,11
787.146,615.839,11
798.944,590.906,11
779.999,606.886,11
794.306,612.897,11
787.001,595.618,11
802.122,623.832,11
792.026,611.706,11
785.414,595.737,11
786.595,595.696,11
795.176,606.508,11
795.242,623.119,11
790.16,607.745,11
801.742,603.317,11
783.373,597.632,11
803.398,603.36,11
636.255,694.406,12
650.571,689.878,12
647.342,695.691,12
635.295,672.301,12
638.423,676.794,12
646.517,683.896,12
641.745,671.486,12
631.776,662.745,12
640.666,666.81,12
641.223,668.056,12
642.91,674.434,12
652.434,679.098,12
662.374,692.598,12
649.797,680.86,12
649.23,672.776,12
652.021,673.129,12
630.989,674.014,12
650.411,671.102,12
640.872,676.8,12
644.372,685.371,12
629.794,664.492,12
656.837,692.772,12
642.678,681.316,12
639.726,672.877,12
643.521,675.661,12
652.404,691.51,12
649.61,679.313,12
653.026,670.691,12
653.054,668.692,12
644.626,682.508,12
641.581,678.092,12
650.646,676.607,12
640.244,674.585,12
640.165,674.722,12
649.087,687.728,12
648.371,688.626,12
646.161,678.885,12
640.738,669.907,12
636.716,675.969,12
641.527,688.704,12
649.593,681.583,12
619.821,664.608,12
629.842,670.104,12
654.18,674.305,12
639.278,676.201,12
636.559,676.915,12
651.726,661.801,12
629.883,659.243,12
636.852,676.926,12
644.943,677.721,12
638.579,674.169,12
646.241,680.266,12
646.928,671.833,12
638.377,676.16,12
625.142,673.641,12
638.154,666.719,12
628.148,672.669,12
636.849,669.875,12
631.797,676.36,12
643.854,683.392,12
647.024,688.984,12
641.559,681.808,12
642.7,676.393,12
649.25,685.619,12
637.732,677.904,12
652.659,682.617,12
639.236,682.452,12
646.467,686.757,12
642.277,671.195,12
637.783,676.614,12
642.281,677.625,12
646.924,692.274,12
639.493,668.184,12
633.823,668.969,12
643.614,664.889,12
642.253,665.041,12
638.654,692.321,12
635.784,675.064,12
643.136,687.744,12
647.256,676.4,12
984.443,224.065,13
973.829,211.864,13
964.662,207.976,13
1001.24,239.036,13
985.09,232.651,13
977.374,223.578,13
983.35,234.223,13
998.65,236.248,13
984.827,228.898,13
998.241,240.67,13
982.086,222.37,13
977.295,223.15,13
996.576,236.867,13
966.885,207.145,13
991.029,233.382,13
996.335,234.406,13
983.442,223.077,13
990.998,231.92,13
999.543,240.198,13
981.842,221.544,13
984.823,221.629,13
984.721,227.847,13
979.073,226.315,13
1005.14,246.411,13
982.685,221.453,13
996.533,240.546,13
983.484,224.542,13
982.615,229.968,13
987.095,229.948,13
989.543,226.36,13
975.817,216.612,13
993.571,239.591,13
988.975,234.764,13
982.926,222.933,13
989.588,231.923,13
980.419,221.312,13
990.143,226.846,13
970.256,207.858,13
985.617,233.993,13
985.362,228.095,13
989.444,233.187,13
997.14,234.794,13
980.849,227.391,13
992.116,232.562,13
982.006,221.147,13
980.886,217.823,13
981.323,221.651,13
986.24,228.027,13
970.859,217.939,13
980.449,220.963,13
980.018,217.338,13
967.523,212.885,13
994.529,234.509,13
979.009,221.492,13
979.793,224.946,13
998.846,239.389,13
986.457,229.625,13
981.547,223.039,13
979.02,224.849,13
997.779,237.373,13
973.622,206.723,13
982.084,224.032,13
985.211,226.106,13
977.214,226.001,13
985.804,233.586,13
977.058,218.168,13
986.91,234.447,13
983.177,228.631,13
990.733,235.251,13
984.796,227.106,13
975.581,216.98,13
982.799,223.668,13
982.353,225.946,13
996.071,238.928,13
987.162,230.206,13
982.301,226.343,13
978.865,218.2,13
984.934,222.933,13
974.014,215.069,13
966.767,207.46,13
990.263,234.154,13
983.377,222.652,13
1001.49,244.01,13
1000.85,247.222,13
993.756,231.957,13
980.09,224.385,13
982.559,224.505,13
993.784,233.85,13
992.475,236.983,13
976.459,219.126,13
984.751,226.411,13
984.982,230.281,13
975.427,217.593,13
993.742,232.225,13
968.447,213.274,13
973.612,221.404,13
983.13,225.987,13
984.84,225.48,13
973.803,209.195,13
993.016,240.879,13
981.973,229.843,13
976.315,222.475,13
984.722,230.466,13
979.549,219.214,13
967.697,211.853,13
966.651,210.076,13
985.792,231.627,13
978.858,220.157,13
971.45,216.872,13
989.664,232.091,13
987.414,234.551,13
976.18,221.31,13
993.723,238.198,13
978.579,223.94,13
983.225,224.863,13
981.605,228.081,13
986.957,234.214,13
994.643,233.93,13
986.684,231.534,13
986.334,225.47,13
985.196,223.541,13
977.401,218.507,13
981.761,226.422,13
973.635,221.613,13
992.427,233.755,13
982.272,222.746,13
973.289,218.119,13
990.221,230.445,13
986.474,228.067,13
988.823,231.678,13
985.189,230.521,13
975.215,219.787,13
970.73,211.145,13
980.148,227.202,13
991.139,233.163,13
974.152,219.529,13
987.813,228.109,13
990.59,230.966,13
986.875,223.37,13
993.09,233.8,13
988.863,237.977,13
983.225,226.511,13
974.111,224.721,13
964.568,209.597,13
983.266,225.385,13
974.047,214.947,13
987.591,231.655,13
994.972,235.51,13
982.538,220.291,13
973.835,218.145,13
969.357,219.484,13
983.773,226.485,13
981.491,223.262,13
991.046,235.045,13
981.304,214.968,13
990.379,230.847,13
987.464,222.385,13
994.84,227.035,13
989.366,233.338,13
974.363,217.193,13
986.376,228.531,13
968.01,210.676,13
975.66,220.061,13
979.055,222.627,13
976.789,222.584,13
986.616,229.587,13
974.057,216.366,13
1002.67,245.873,13
989.851,233.756,13
991.525,233.222,13
994.063,236.742,13
958.62,206.532,13
979.891,224.008,13
984.252,224.045,13
989.153,231.34,13
1000.1,241.871,13
987.115,235.419,13
985.057,228.597,13
995.178,241.516,13
986.284,222.594,13
982.083,222.916,13
975.724,217.591,13
969.273,215.172,13
979.226,221.273,13
978.951,219.955,13
979.824,226.417,13
984.353,230.673,13
993.507,232.317,13
945.105,685.033,14
941.568,681.447,14
943.87,684.689,14
934.566,677.877,14
937.963,683.648,14
937.332,681.858,14
935.002,676.967,14
946.744,687.405,14
943.244,684.131,14
947.84,689.249,14
941.756,681.46,14
952.319,692.582,14
938.484,678.359,14
944.212,683.593,14
951.658,690.26,14
929.417,673.233,14
953.172,694.763,14
945.175,685.421,14
932.76,677.141,14
949.123,689.455,14
943.573,684.921,14
939.365,682.023,14
942.393,682.155,14
947.732,686.521,14
935.243,679.456,14
944.18,684.888,14
934.6,677.036,14
954.334,696.435,14
944.832,683.932,14
941.147,680.596,14
941.081,682.569,14
939.636,679.682,14
945.292,682.745,14
946.429,689.333,14
946.514,685.958,14
951.344,694.057,14
933.596,672.557,14
939.333,679.901,14
941.683,682.935,14
933.477,673.709,14
945.035,688.357,14
938.738,678.497,14
935.831,672.015,14
950.144,692.802,14
936.529,672.299,14
927.081,667.082,14
943.659,682.822,14
944.498,685.378,14
937.712,677.687,14
934.99,678.465,14
949.845,690.129,14
929.511,669.545,14
932.689,675.514,14
926.191,667.226,14
941.986,683.027,14
937.683,678.755,14
941.993,682.08,14
939.574,686.156,14
941.334,680.205,14
935.985,677.177,14
948.163,688.75,14
939.798,683.022,14
945.046,685.261,14
933.568,677.341,14
945.493,683.289,14
937.689,683.024,14
952.582,693.328,14
934.799,675.991,14
931.684,669.935,14
934.924,673.443,14
936.922,676.92,14
942.836,677.99,14
942.812,683.513,14
945.611,683.669,14
934.52,678.912,14
938.42,684.058,14
943.972,683.274,14
943.194,684.51,14
940.293,680.636,14
947.624,684.547,14
933.215,676.332,14
931.922,671.261,14
947.259,682.202,14
931.857,674.177,14
933.366,673.852,14
944.502,684.304,14
942.707,679.791,14
940.452,682.051,14
950.083,689.381,14
937.823,677.816,14
943.142,682.253,14
962.513,703.154,14
933.331,678.758,14
944.268,680.847,14
945.114,686.881,14
935.487,676.457,14
943.242,683.558,14
936.822,680.101,14
943.755,684.53,14
943.219,683.194,14
935.203,679.364,14
951.221,690.769,14
931.443,672.647,14
941.656,687.687,14
936.339,675.835,14
947.482,686.934,14
943.826,687.033,14
940.286,684.166,14
943.993,683.67,14
938.139,676.488,14
935.215,679.233,14
944.563,686.256,14
937.934,680.508,14
941.244,681.02,14
942.938,686.495,14
932.673,672.454,14
949.489,690.879,14
936.653,677.529,14
932.323,672.22,14
942.445,686.46,14
937.391,680.494,14
947.175,690.987,14
950.081,691.591,14
938.731,683.127,14
947.944,689.797,14
941.162,681.626,14
932.926,673.418,14
939.343,681.974,14
932.058,675.64,14
952.332,694.522,14
938.132,676.397,14
935.83,674.979,14
941.027,685.904,14
939.788,681.789,14
946.528,687.939,14
941.025,682.565,14
929.556,674.803,14
953.778,696.7,14
954.202,695.814,14
949.419,690.133,14
932.25,672.93,14
935.879,676.681,14
942.676,681.55,14
930.777,668.524,14
934.78,679.386,14
938.334,680.362,14
943.614,682.225,14
943.311,683.693,14
945.747,690.709,14
946.25,687.188,14
936.988,686.079,14
931.72,674.646,14
939.536,682.402,14
948.962,692.45,14
939.486,682.966,14
947.686,688.525,14
933.503,676.197,14
947.615,683.069,14
945.464,686.381,14
948.324,690.723,14
944.445,684.625,14
948.929,688.229,14
938.6,675.713,14
935.433,678.458,14
947.562,687.538,14
951.89,696.115,14
936.882,678.413,14
938.688,679.552,14
936.327,672.838,14
940.093,679.579,14
950.41,691.438,14
932.474,671.889,14
941.213,683.132,14
937.117,680.043,14
936.449,676.316,14
939.392,682.15,14
939.349,684.325,14
941.194,683.232,14
935.694,676.451,14
937.513,676.724,14
942.688,685.268,14
945.462,684.217,14
945.927,685.161,14
946.274,686.073,14
944.854,687.081,14
939.999,677.322,14
932.972,675.89,14
948.068,690.352,14
942.094,681.694,14
459.71,544.207,15
470.437,548.563,15
454.588,554.53,15
461.872,558.169,15
470.379,554.377,15
463.588,554.595,15
467.354,548.475,15
472.942,549.892,15
467.249,545.849,15
467.684,548.83,15
464.519,551.809,15
475.96,561.075,15
475.059,553.615,15
458.149,558.324,15
461.849,544.793,15
467.229,554.043,15
466.225,557.248,15
481.854,555.261,15
470.46,554.582,15
460.808,549.424,15
455.604,537.369,15
472.591,550.958,15
467.411,542.539,15
472.021,549.97,15
461.745,552.812,15
461.537,543.913,15
471.437,555.094,15
462.769,552.217,15
466.601,543.038,15
462.19,553.775,15
475.445,545.586,15
466.852,536.696,15
461.539,545.759,15
466.934,549.956,15
458.767,546.324,15
470.225,549.664,15
471.539,557.639,15
468.682,548.098,15
463.467,548.169,15
479.754,548.711,15
467.482,542.207,15
460.635,548.175,15
459.586,553.695,15
469.705,547.127,15
467.831,544.389,15
453.052,545.242,15
467.105,553.368,15
474.462,549.208,15
474.145,553.271,15
479.405,547.623,15
472.157,547.141,15
467.2,549.783,15
469.727,550.865,15
479.405,550.625,15
471.939,543.377,15
462.077,550.357,15
454.221,547.16,15
462.894,543.607,15
472.594,557.141,15
452.003,539.107,15
455.955,542.761,15
460.774,555.096,15
470.044,553.102,15
472.708,549.843,15
472.401,549.358,15
468.394,554.507,15
456.29,558.558,15
477.347,548.947,15
472.48,556.435,15
472.206,551.671,15
469.878,540.106,15
470.192,547.972,15
468.531,547,15
472.558,544.64,15
464.118,548.191,15
471.036,549.736,15
476.53,557.114,15
457.028,543.425,15
463.182,551.224,15
463.272,540.465,15
458.464,552.994,15
463.449,549.452,15
464.177,544.458,15
465.698,544.264,15
467.049,557.118,15
482.832,557.407,15
475.168,557.583,15
466.217,546.033,15
463.823,553.043,15
471.851,548.824,15
456.785,551.893,15
459.235,553.489,15
461.901,561.889,15
469.051,549.306,15
466.786,547.84,15
467.036,542.321,15
462.863,547.101,15
461.026,553.01,15
458.59,545.306,15
457.668,549.477,15
473.578,533.493,15
474.636,539.082,15
472.684,552.209,15
461.641,557.397,15
468.558,545.047,15
459.77,550.796,15
464.437,534.632,15
462.762,538.525,15
464.706,553.395,15
457.477,551.526,15
463.632,561.237,15
465.583,559.743,15
460.701,542.213,15
475.247,545.19,15
455.844,552.042,15
454.75,548.545,15
475.955,552.591,15
468.986,551.814,15
461.702,549.642,15
466.254,551.854,15
467.597,552.688,15
468.51,554.393,15
467.664,542.392,15
466.351,546.329,15
468.701,554.343,15
459.957,554.039,15
461.287,553.369,15
467.86,541.1,15
467.882,553.439,15
466.338,548.391,15
477.018,551.092,15
472.599,554.079,15
471.924,552.174,15
471.042,545.461,15
458.344,557.11,15
474.185,540.938,15
461.046,542.502,15
467.448,548.065,15
465.485,552.919,15
456.715,536.62,15
459.255,533.014,15
469.036,559.107,15
471.184,547.339,15
472.047,543.866,15
474.667,559.956,15
473.207,561.535,15
463.778,554.01,15
462.544,554.013,15
481.235,553.316,15
464.804,552.541,15
458.459,546.401,15
452.612,547.959,15
469.876,548.492,15
473.112,550.603,15
470.287,552.277,15
465.728,549.164,15
901.77,0.881409,16
905.878,5.81344,16
905.873,0.981214,16
901.898,7.92981,16
906.791,6.2126,16
904.529,8.64089,16
900.62,21.5925,16
918.542,22.9401,16
908.714,19.5977,16
894.104,1.54135,16
910.259,20.5926,16
907.44,20.9269,16
911.106,11.5146,16
913.624,14.3316,16
899.583,6.39791,16
923.141,27.879,16
911.643,10.6502,16
898.908,10.0914,16
902.615,9.49767,16
906.444,25.6537,16
916.446,19.8774,16
918.772,23.7437,16
909.55,6.61526,16
911.228,22.5223,16
900.198,4.79187,16
910.461,16.2459,16
888.809,-5.65934,16
909.132,12.1825,16
917.948,13.7101,16
899.533,3.13329,16
907.266,12.0926,16
901.862,10.8617,16
909.836,24.4972,16
906.973,5.27604,16
902.73,0.116671,16
923.739,15.5957,16
904.29,7.2534,16
893.055,5.91399,16
905.483,9.55759,16
901.156,31.0626,16
901.45,9.95461,16
918.833,22.6602,16
895.254,3.36846,16
903.902,14.582,16
902.475,9.79464,16
888.109,-8.22628,16
916.215,14.4586,16
922.28,35.7731,16
909.605,16.8648,16
902.544,18.7113,16
914.45,21.2423,16
909.389,6.246,16
907.172,20.6798,16
915.473,22.5862,16
892.524,-3.41177,16
914.177,11.9078,16
917.6,15.2258,16
913.028,9.37029,16
919.206,20.2427,16
908.93,20.6705,16
917.037,23.4993,16
904.553,-0.171337,16
906.493,10.1696,16
919.182,8.42088,16
910.12,26.6573,16
908.088,10.8234,16
911.088,19.1152,16
907.936,15.7921,16
911.666,22.2005,16
897.701,12.8005,16
898.234,2.49387,16
884.021,0.295394,16
916.763,19.8748,16
907.804,2.60757,16
908.45,23.9192,16
899.03,4.70113,16
905.92,17.1342,16
914.181,23.4982,16
934.063,29.2519,16
909.151,16.1453,16
910.462,24.2328,16
911.056,23.5549,16
903.458,6.11396,16
909.718,9.04863,16
901.578,26.7835,16
908.724,10.5421,16
902.267,4.19213,16
897.174,4.9708,16
904.352,11.2664,16
924.732,25.1367,16
919.984,18.086,16
909.507,15.543,16
901.449,9.78379,16
894.989,11.6769,16
904.322,23.8047,16
907.163,7.25011,16
904.109,12.3763,16
912.338,21.4091,16
918.943,22.5397,16
912.187,18.8735,16
914.589,22.9769,16
910.77,18.4296,16
896.696,1.28409,16
909.973,5.88392,16
910.718,14.0975,16
895.412,16.5696,16
908.515,11.3538,16
914.904,18.1329,16
891.606,1.78872,16
906.179,3.87053,16
908.423,21.3652,16
913.306,21.9096,16
922.253,21.3017,16
908.695,10.7893,16
907.678,20.0206,16
908.38,5.78456,16
915.343,16.0357,16
890.317,7.74965,16
902.13,6.01483,16
916.537,18.0155,16
911.215,21.9561,16
911.861,23.1561,16
914.774,20.8623,16
907.413,12.2266,16
891.495,5.88699,16
923.556,17.0938,16
903.926,23.9692,16
898.993,7.71141,16
903.174,8.53913,16
909.652,19.2693,16
906.061,11.9983,16
909.903,19.6048,16
908.934,11.1493,16
908.655,22.3648,16
916.513,22.5015,16
908.573,15.4657,16
916.385,16.3605,16
905.581,-0.44846,16
905.25,4.28302,16
908.021,17.1102,16
911.905,10.9092,16
910.411,1.50729,16
912.299,20.257,16
904.238,8.85053,16
921.523,28.2077,16
915.757,23.5674,16
891.588,235.333,17
888.522,226.279,17
886.671,234.247,17
900.456,231.663,17
893.954,227.467,17
902.171,234.819,17
896.707,243.38,17
902.63,239.815,17
897.072,231.054,17
898.214,238.462,17
900.361,242.899,17
871.871,223.908,17
889.746,244.985,17
890.29,237.374,17
884.134,227.253,17
892.331,235.175,17
888.272,236.472,17
902.376,245.521,17
889.356,231.398,17
880.26,226.236,17
905.425,234.065,17
890.625,230.612,17
883.002,231.603,17
882.009,229.49,17
891.879,230.422,17
896.791,242.932,17
882.997,249.137,17
892.138,231.102,17
895.427,232.274,17
907.171,242.07,17
889.08,231.739,17
888.72,226.246,17
892.284,239.561,17
909.116,253.1,17
889.249,228.334,17
887.878,226.745,17
894.082,241.6,17
894.959,232.497,17
900.206,240.691,17
894.016,241.637,17
901.303,253.894,17
892.658,244.52,17
897.83,229.4,17
898.043,243.273,17
892.352,234.72,17
904.551,238.112,17
900.716,249.961,17
888.579,232.895,17
900.842,232.332,17
899.192,238.016,17
885.273,227.923,17
901.876,222.242,17
882.362,222.72,17
892.216,237.07,17
889.02,241,17
892.593,241.097,17
889.116,234.357,17
888.699,222.832,17
899.683,242.252,17
893.654,233.489,17
898.276,241.967,17
898.721,244.023,17
902.19,238.796,17
888.775,245.168,17
888.188,234.611,17
895.569,245.16,17
895.464,242.29,17
904.531,231.855,17
896.351,237.052,17
894.395,235.013,17
894.127,246.167,17
885.526,219.403,17
892.123,243.57,17
898.042,237.171,17
896.671,241.184,17
890.776,241.015,17
906.112,255.423,17
879.266,239.204,17
887.551,244.062,17
893.565,248.829,17
901.847,239.808,17
897.743,241.84,17
888.17,231.257,17
897.141,242.791,17
894.518,232.992,17
876.173,223.474,17
888.042,245.352,17
893.112,244.248,17
893.442,247.718,17
881.195,226.991,17
894.934,245.639,17
889.053,234.608,17
880.319,230.777,17
892.435,244.195,17
889.064,234.255,17
890.112,234.333,17
897.437,235.187,17
895.283,239.797,17
893.77,249.977,17
892.87,234.244,17
878.297,234.339,17
903.872,243.346,17
890.386,234.138,17
898.29,234.896,17
898.663,235.874,17
897.131,223.17,17
897.191,235.453,17
891.689,230.16,17
904.505,251.879,17
878.894,224.657,17
890.77,237.4,17
897.968,236.1,17
894.822,238.822,17
904.309,234.492,17
891.396,230.505,17
902.858,238.841,17
885.164,226.855,17
884.237,223.686,17
897.305,236.995,17
887.424,238.22,17
886.431,230.204,17
887.884,227.434,17
894.036,227.962,17
885.698,226.07,17
894.805,237.139,17
894.471,236.674,17
894.732,237.36,17
894.166,236.251,17
889.414,232.326,17
893.506,240.67,17
890.536,233.918,17
882.254,231.603,17
909.139,241.754,17
892.24,235.084,17
893.676,234.627,17
898.214,229.867,17
896.992,233.035,17
897.16,230.541,17
904.15,240.842,17
896.73,238.804,17
898.807,239.863,17
887.293,224.115,17
898.512,248.01,17
891.938,240.624,17
898.606,239.834,17
893.983,245.46,17
883.676,227.854,17
897.964,232.681,17
901.791,242.253,17
896.136,241.152,17
882.769,231.967,17
883.13,235.889,17
900.524,243.068,17
898.53,241.112,17
887.723,234.232,17
894.185,231.415,17
890.861,225.064,17
884.962,233.624,17
902.889,239.659,17
889.706,241.66,17
892.183,231.269,17
885.119,232.551,17
885.819,227.529,17
893.591,223.821,17
884.69,237.189,17
887.518,225.405,17
911.379,249.094,17
900.603,233.659,17
873.813,212.537,17
885.759,229.917,17
902.943,254.501,17
887.169,231.944,17
888.294,243.236,17
898.575,244.045,17
897.664,243.424,17
895.238,247.777,17
892.46,233.187,17
897.565,235.254,17
894.845,242.251,17
894.906,234.948,17
895.126,234.512,17
889.207,237.114,17
888.744,234.735,17
892.598,244.078,17
1175.81,160.323,18
1178.75,171.61,18
1181.93,169.778,18
1177.56,157.144,18
1166.88,153.059,18
1183.64,169.768,18
1175.89,162.129,18
1175.97,155.441,18
1168.61,154.027,18
1168.27,149.538,18
1172.66,169.222,18
1178.38,164.19,18
1178.59,172.38,18
1173.57,166.505,18
1179.58,160.097,18
1172.27,165.204,18
1178.72,163.385,18
1176.63,162.804,18
1171.11,152.65,18
1184.08,170.041,18
1178.04,169.858,18
1178.05,158.932,18
1179.83,160.754,18
1189.28,171.446,18
1173.14,162.311,18
1168.28,161.058,18
1173.19,164.168,18
1170.32,158.518,18
1171.65,158.492,18
1187.26,174.426,18
1173.9,156.108,18
1175.51,162.588,18
1189.4,172.095,18
1174.39,159.443,18
1177.51,173.658,18
1180.98,165.594,18
1177.18,168.337,18
1178.31,163.764,18
1168.09,160.498,18
1173.13,158.09,18
1177.23,165.893,18
1175.8,165.044,18
1180.39,170.582,18
1180.23,163.393,18
1178.77,169.135,18
1174.46,150.459,18
1170.39,165.839,18
1173.39,156.265,18
1163.21,146.763,18
1177.53,167.051,18
550.514,314.718,19
550.182,316.937,19
547.16,312.32,19
546.907,309.739,19
547.477,315.018,19
549.118,312.366,19
550.88,309.594,19
552.224,313.405,19
554.182,317.607,19
550.121,313.984,19
553.996,315.999,19
553.146,315.294,19
546.31,318.927,19
548.543,316.216,19
546.875,316.311,19
550.135,312.911,19
545.859,314.054,19
553.09,317.456,19
551.527,314.503,19
550.149,314.523,19
545.456,314.489,19
546.879,312.817,19
554.666,312.574,19
550.155,316.427,19
549.991,315.551,19
548.532,310.478,19
548.879,315.285,19
553.846,316.091,19
554.306,311.6,19
551.717,317.968,19
553.972,317.036,19
555.772,315.806,19
552.576,317.158,19
546.35,310.133,19
548.557,312.023,19
551.7,313.18,19
550.061,318.556,19
548.157,310.396,19
550.569,317.834,19
544.474,313.227,19
549.529,318.578,19
551.499,315.874,19
550.319,314.573,19
547.595,316.617,19
547.704,310.883,19
556.286,318.434,19
553.324,315.128,19
552.789,317.625,19
550.434,315.75,19
550.385,315.832,19
549.586,316.133,19
551.254,311.533,19
551.61,315.453,19
544.794,311.353,19
553.263,316.337,19
547.75,317.824,19
548.521,316.541,19
551.631,314.835,19
547.864,312.409,19
547.81,310.885,19
555.529,316.153,19
553.337,320.38,19
552.789,315.964,19
551.949,315.306,19
551.246,317.142,19
554.646,314.934,19
545.14,316.216,19
551.675,314.705,19
545.347,317.273,19
551.815,314.42,19
552.907,313.572,19
549.838,320.724,19
555.435,313.477,19
552.644,315.185,19
548.564,315.855,19
549.758,314.531,19
546.319,314.757,19
545.699,314.292,19
550.958,308.2,19
548.429,313.307,19
553.279,314.92,19
552.059,313.031,19
544.861,316.084,19
553.495,310.779,19
545.677,313.377,19
550.693,313.274,19
553.49,317.706,19
547.35,316.737,19
549.569,315.946,19
549.705,315.477,19
545.915,311.793,19
549.949,315.87,19
546.913,316.259,19
552.14,317.914,19
548.351,314.111,19
549.275,318.699,19
549.72,318.781,19
549.799,317.771,19
549.307,312.672,19
545.389,315.759,19
547.775,311.103,19
549.334,316.535,19
550.063,315.54,19
555.071,314.709,19
547.486,312.779,19
551.27,313.664,19
555.12,310.428,19
554.703,311.608,19
550.38,311.473,19
553.218,313.635,19
555.438,316.669,19
558.156,310.392,19
547.996,314.633,19
551.575,310.679,19
548.57,314.949,19
551.808,315.676,19
544.209,316.086,19
543.652,313.947,19
548.652,315.707,19
546.992,317.293,19
547.413,315.986,19
548.603,316.608,19
552.646,312.63,19
546.585,315.26,19
555.61,315.55,19
551.172,311.395,19
546.246,319.051,19
553.779,312.384,19
550.428,314.73,19
548.042,319.746,19
548.216,316.008,19
547.991,313.939,19
551.162,317.98,19
551.037,319.621,19
549.404,314.139,19
548.628,319.175,19
552.079,317.94,19
553.955,319.605,19
549.186,318.304,19
547.147,315.685,19
551.078,311.508,19
548.745,317.535,19
551.573,316.954,19
550.854,312.78,19
548.933,316.357,19
545.537,314.146,19
547.351,316.256,19
553.249,315.79,19
547.69,318.815,19
1054.05,543.819,20
1073.69,564.546,20
1071,568.047,20
1065.11,567.432,20
1057.66,550.054,20
1072.62,570.896,20
1054.81,552.731,20
1074.98,559.201,20
1071.79,564.194,20
1054.86,547.906,20
1067.98,552.573,20
1072.51,561.712,20
1066.02,556.628,20
1057.74,552.883,20
1075.26,565.83,20
1078.36,563.921,20
1064.61,557.686,20
1071.15,562.381,20
1071.44,563.464,20
1084.78,577.179,20
1074.42,559.601,20
1065.16,553.925,20
1067.18,566.616,20
1068.83,564.555,20
1081.34,573.128,20
1078.17,569.86,20
1076.08,566.824,20
1069.88,566.782,20
1075.94,564.143,20
1050.85,543.302,20
1059.37,554.698,20
1069.43,563.143,20
1067.34,561.604,20
1076.65,565.481,20
1066.34,555.462,20
1085.08,578.381,20
1054.88,554.326,20
1070.64,566.332,20
1070.74,567.761,20
1067.27,556.037,20
1070.68,561.253,20
1080.56,570.603,20
1063.5,566.592,20
1055.07,551.556,20
1073.11,568.645,20
1061.32,558.237,20
1071.77,558.6,20
1069.53,556.939,20
1076,562.965,20
1069.17,562.137,20
1077.07,564.133,20
1073.56,566.912,20
1059.35,555.735,20
1077.9,567.599,20
1060.54,557.742,20
1074.5,565.186,20
1070.01,565.271,20
1064.44,549.956,20
1064.33,560.313,20
1058.25,557.928,20
1062.04,550.571,20
1064.42,557.968,20
1070.85,562.334,20
1086.06,572.995,20
1056.22,552.765,20
1082.9,568.747,20
1079.82,570.761,20
1069.21,550.991,20
1053.28,552.423,20
1069.84,569.42,20
1058.84,546.929,20
1068.14,573.783,20
1054.17,547.068,20
1054.8,552.341,20
1055.35,550.418,20
1126.89,254.319,21
1118.33,238.383,21
1129.06,251.946,21
1128.4,255.669,21
1117.4,243.655,21
1126.19,252.573,21
1125.02,241.519,21
1120.66,246.655,21
1110.69,236.253,21
1125.32,252.042,21
1127.72,249.916,21
1129.46,250.439,21
1123.35,245.103,21
1125.83,244.317,21
1117.87,237.665,21
1120.65,244.376,21
1118.29,250.728,21
1129.86,253.397,21
1116.3,240.823,21
1134.21,254.264,21
1131.02,252.88,21
1126.24,250.746,21
1122.44,240.242,21
1119.34,243.522,21
1114.66,245.452,21
1122.74,246.549,21
1110.97,233.592,21
1134.07,255.83,21
1116.34,247.386,21
1121.71,241.821,21
1126.53,250.4,21
1120.63,246.357,21
1126.99,251.703,21
1131.03,257.332,21
1128.37,246.874,21
1128.07,246.427,21
1123.5,247.68,21
1129.39,250.728,21
1127.99,251.031,21
1123.82,249.283,21
1120.74,244.116,21
1124.58,253.837,21
1120.24,246.622,21
1118.97,248.756,21
1130.87,253.558,21
1120.88,239.237,21
1117.59,242.557,21
1120.69,245.111,21
1120.39,250.643,21
1116.04,242.205,21
1115.29,234.838,21
1129.53,253.327,21
1121.45,243.865,21
1130.68,250.315,21
1122.22,246.681,21
1123.31,247.832,21
1115.83,242.303,21
1122.25,246.929,21
989.649,517.808,22
1002.93,521.057,22
995.366,531.882,22
1014.13,522.227,22
1010.35,525.045,22
1003.12,519.507,22
1008.81,536.21,22
1006.03,533.294,22
995.161,525.796,22
1003.18,519.026,22
1002.93,520.055,22
1004.87,525.958,22
1000.96,524.147,22
1007.44,526.999,22
1015.74,540.807,22
1009.14,524.87,22
1000.14,508.175,22
1014.51,523.737,22
998.772,530.6,22
994.797,530.989,22
986.83,520.63,22
999.84,529.221,22
1009.2,518.878,22
1007.56,535.182,22
988.366,517.84,22
1013.7,524.488,22
1019.62,543.66,22
1007.15,531.19,22
993.26,520.421,22
995.373,520.143,22
998.662,531.615,22
1018.88,528.523,22
1024.98,545.413,22
1000.04,520.271,22
1015.58,543.092,22
992.148,492.906,22
1011.04,528.499,22
1002.13,519.844,22
991.29,530.037,22
992.653,512.929,22
1008.05,535.798,22
1010.27,535.333,22
1007.89,533.129,22
995.248,516.437,22
1011.26,535.501,22
991.065,514.758,22
999.737,513.263,22
1012.37,545.521,22
995.851,518.794,22
1019.93,538.121,22
1005.25,532.572,22
1003.78,529.794,22
994.535,517.991,22
1020.39,536.631,22
1000,512.977,22
995.153,520.361,22
999.351,522.559,22
1010.57,531.539,22
1017.87,538.652,22
979.806,507.281,22
1002.78,540.376,22
1013.32,527.774,22
1005.56,519.498,22
1011.1,539.951,22
1001.45,505.844,22
984.046,520.939,22
992.054,532.408,22
997.385,514.156,22
997.737,513.359,22
1002.07,515.319,22
979.013,508.527,22
1002.13,504.002,22
986.818,521.848,22
1024.66,548.957,22
1011.66,536.222,22
1004.1,517.838,22
1021.43,541.544,22
1000.97,508.338,22
1010.86,537.034,22
1001.02,520.009,22
994.98,521.922,22
1007.45,520.506,22
982.224,500.051,22
1019.19,536.735,22
1011.29,532.483,22
1002.34,525.178,22
1004.99,539.547,22
1007.7,524.386,22
1019.92,548.378,22
1005.35,531.587,22
986.806,508.402,22
1013.86,526.123,22
1001.22,511.254,22
1013.88,544.792,22
82.6333,13.2385,23
76.1228,8.65734,23
78.7345,12.3221,23
78.8957,6.29706,23
75.6549,4.90452,23
77.665,8.23822,23
81.0839,13.1092,23
75.4968,2.94537,23
82.3765,13.8759,23
83.9485,8.04333,23
89.7005,16.2558,23
79.7673,8.33959,23
77.9794,11.3413,23
85.5686,10.9715,23
75.138,7.50929,23
78.663,11.9448,23
72.3487,2.17194,23
70.3875,5.45859,23
77.8841,13.0801,23
78.8638,8.64469,23
83.2013,11.8279,23
79.3651,3.98732,23
85.9815,13.635,23
85.003,12.13,23
87.353,18.978,23
73.8382,3.47434,23
87.0724,11.955,23
74.4574,9.18312,23
74.4861,4.54177,23
86.8574,15.4867,23
78.1821,12.8617,23
71.1724,-0.690267,23
86.2154,13.241,23
72.9105,1.65849,23
86.0498,17.5424,23
86.0852,9.69999,23
77.5605,7.79553,23
80.2316,11.1263,23
78.3612,9.64294,23
73.2092,3.1885,23
83.3984,10.6714,23
72.6446,3.99213,23
82.066,8.4953,23
80.9187,9.50336,23
77.563,8.5355,23
79.7051,0.57113,23
82.7617,14.35,23
77.0629,8.81411,23
78.6318,7.72337,23
79.0216,2.67104,23
72.195,2.70661,23
79.7806,4.13329,23
78.5462,5.64972,23
75.1708,5.24097,23
72.4496,7.90663,23
76.9451,7.84124,23
81.2225,10.0044,23
79.7389,9.59571,23
74.28,3.97706,23
81.7145,7.83297,23
78.6178,8.80524,23
84.1135,12.1875,23
75.399,7.05609,23
77.5234,6.90201,23
82.6127,8.50749,23
86.2306,9.5341,23
78.4575,5.25735,23
76.1071,6.78983,23
83.1471,8.81216,23
73.5271,4.17551,23
76.3903,11.3668,23
88.5562,19.3623,23
73.6063,8.6476,23
83.254,16.5734,23
71.942,0.0959709,23
82.18,9.05986,23
79.7144,12.4318,23
75.5079,0.341634,23
76.9966,8.89314,23
76.7359,9.46081,23
77.9089,6.74272,23
77.3056,6.37973,23
76.3445,3.43244,23
86.2666,15.8203,23
76.1226,4.4971,23
91.5679,21.4495,23
83.9314,10.7664,23
80.2202,9.74458,23
80.3552,14.047,23
77.8337,8.01074,23
78.8369,8.90047,23
78.9336,10.3691,23
83.7655,8.67978,23
78.2159,11.1088,23
80.7979,14.8981,23
81.3314,13.3434,23
79.1678,10.6309,23
78.077,9.61629,23
82.1177,17.571,23
77.7967,11.9876,23
76.5545,4.77703,23
82.224,13.7942,23
73.1527,7.14878,23
77.4629,7.60969,23
76.4128,12.7716,23
78.3737,8.6997,23
81.954,13.7752,23
82.4323,13.046,23
80.2483,15.2877,23
73.4319,6.68736,23
77.3538,8.93528,23
78.4189,7.03399,23
81.9028,15.843,23
78.9908,5.82436,23
76.6323,6.47237,23
82.5464,14.1688,23
76.1642,8.45117,23
74.451,5.51116,23
83.279,17.4293,23
78.3113,4.49378,23
86.2678,17.5075,23
80.5187,10.9275,23
82.8349,10.5327,23
76.3997,3.54999,23
77.924,13.6802,23
82.0389,9.55707,23
78.4358,6.05521,23
72.145,3.90239,23
82.1316,10.7471,23
79.6554,9.78735,23
79.1603,11.7631,23
77.8202,6.17186,23
72.6589,-1.42695,23
76.627,6.12691,23
89.9986,18.7514,23
75.9547,3.96858,23
87.5543,11.98,23
82.7685,12.1329,23
73.3328,3.67001,23
82.0695,12.953,23
77.4739,8.34026,23
74.1663,7.09347,23
82.3957,12.437,23
81.8936,6.32969,23
82.4717,11.2335,23
81.5366,9.13382,23
77.7425,11.3328,23
75.3163,5.0925,23
87.6458,12.6884,23
73.2149,2.42657,23
72.3744,2.53776,23
79.5366,8.73829,23
84.4947,6.97079,23
81.1421,12.3705,23
79.393,9.6471,23
74.7096,9.01223,23
80.891,10.652,23
763.717,294.267,24
761.139,295.384,24
769.654,294.275,24
767.882,289.875,24
764.465,291.447,24
763.615,292.24,24
763.419,291.97,24
764.711,299.643,24
758.865,286.447,24
767.203,294.736,24
761.909,293.011,24
768.98,293.135,24
769.048,292.82,24
762.127,294.695,24
762.8,292.789,24
764.39,294.342,24
767.387,292.589,24
765.722,288.405,24
768.364,292.024,24
765.72,293.24,24
763.227,295.05,24
766.125,289.599,24
764.863,290.826,24
765.946,297.087,24
762.85,292.695,24
761.916,292.735,24
760.62,292.374,24
765.827,293.467,24
766.115,292.729,24
764.592,290.384,24
766.818,295.919,24
762.645,293.946,24
759.936,292.346,24
762.804,291.842,24
762.356,292.614,24
766.014,291.002,24
768.342,291.032,24
761.911,296.634,24
765.833,295.021,24
761.109,290.163,24
765.729,297.462,24
765.321,294.503,24
764.165,293.999,24
766.067,289.857,24
764.68,295.683,24
765.335,293.234,24
764.734,289.023,24
763.605,295.217,24
765.755,296.337,24
764.712,293.496,24
762.151,290.302,24
763.621,293.842,24
764.395,291.562,24
762.508,291.074,24
765.896,293.748,24
762.566,291.244,24
761.14,291.045,24
766.795,294.509,24
767.174,293.278,24
764.364,291.661,24
770.108,295.351,24
765.738,289.57,24
764.332,291.068,24
765.769,287.601,24
766.548,291.815,24
765.145,295.055,24
761.356,290.1,24
760.886,293.719,24
762.823,291.539,24
767.361,295.12,24
765.975,293.122,24
766.867,290.038,24
77.4178,386.418,25
75.1884,384.188,25
63.3782,372.378,25
74.1972,383.197,25
73.7199,382.72,25
73.6256,382.626,25
72.7027,381.703,25
50.7149,359.715,25
68.1193,377.119,25
80.6351,389.635,25
75.2242,384.224,25
82.0321,391.032,25
88.6268,397.627,25
71.4328,380.433,25
68.7158,377.716,25
83.8608,392.861,25
72.8491,381.849,25
63.734,372.734,25
69.23,378.23,25
70.8643,379.864,25
61.48,370.48,25
69.0869,378.087,25
60.729,369.729,25
71.8617,380.862,25
79.2283,388.228,25
73.7058,382.706,25
62.4482,371.448,25
75.9506,384.951,25
75.5965,384.597,25
61.2092,370.209,25
75.1451,384.145,25
50.9328,359.933,25
79.5299,388.53,25
74.192,383.192,25
55.5548,364.555,25
63.001,372.001,25
58.9975,367.997,25
65.2431,374.243,25
86.7961,395.796,25
78.9369,387.937,25
81.5035,390.504,25
85.4257,394.426,25
72.2532,381.253,25
73.0477,382.048,25
69.9356,378.936,25
95.1635,404.163,25
73.8104,382.81,25
64.8531,373.853,25
59.4599,368.46,25
75.2525,384.252,25
70.4549,379.455,25
70.7402,379.74,25
84.2682,393.268,25
73.3683,382.368,25
86.5925,395.593,25
69.479,378.479,25
58.9436,367.944,25
63.2826,372.283,25
73.2917,382.292,25
85.7913,394.791,25
83.1742,392.174,25
71.2854,380.285,25
62.3051,371.305,25
63.9067,372.907,25
79.1027,388.103,25
62.5211,371.521,25
68.6606,377.661,25
65.4537,374.454,25
67.7959,376.796,25
78.2889,387.289,25
57.7149,366.715,25
57.8871,366.887,25
88.2681,397.268,25
78.6335,387.634,25
82.2542,391.254,25
62.2647,371.265,25
61.6172,370.617,25
77.4346,386.435,25
71.7695,380.769,25
72.8996,381.9,25
81.795,390.795,25
70.1691,379.169,25
83.1803,392.18,25
76.2459,385.246,25
74.8143,383.814,25
74.5931,383.593,25
63.6682,372.668,25
84.5363,393.536,25
78.9947,387.995,25
75.9688,384.969,25
63.1822,372.182,25
54.7556,363.756,25
66.7614,375.761,25
74.0456,383.046,25
835.93,541.591,26
834.368,546.377,26
840.028,547.869,26
843.707,548.71,26
841.381,542.9,26
836.96,545.075,26
840.175,546.737,26
837.445,545.404,26
840.972,542.811,26
835.026,541.799,26
838.515,546.331,26
839.8,547.276,26
838.096,548.195,26
833.356,541.479,26
840.918,544.951,26
836.291,543.52,26
835.26,539.848,26
836.774,545.154,26
835.552,541.485,26
837.711,545.672,26
840.794,544.684,26
840.248,545.393,26
839.386,546.98,26
837.151,544.667,26
837.072,544.013,26
837.292,544.805,26
842.804,544.871,26
841.463,544.235,26
832.326,540.191,26
835.52,543.187,26
836.386,542.353,26
839.787,542.811,26
838.498,546.788,26
836.043,540.499,26
835.809,541.368,26
834.777,541.549,26
836.672,545.709,26
841.692,543.266,26
841.169,543.326,26
837.46,541.566,26
839.399,544.59,26
839.561,547.503,26
834.618,538.137,26
834.512,544.29,26
833.811,540.483,26
839.197,546.129,26
836.057,539.5,26
838.686,543.248,26
842.03,547.154,26
840.322,544.873,26
835.742,546.474,26
832.653,535.424,26
839.484,546.453,26
838.158,543.615,26
837.368,545.487,26
839.941,547.483,26
837.749,541.488,26
840.155,544.984,26
839.473,544.686,26
834.724,543.782,26
833.495,539.594,26
833.403,545.697,26
840.64,546.309,26
836.828,544.543,26
838.145,544.929,26
835.482,542.538,26
839.213,544.472,26
838.223,543.159,26
837.789,543.013,26
838.305,545.198,26
835.186,545.296,26
840.598,541.99,26
836.306,543.282,26
841.867,546.52,26
838.931,542.349,26
836.736,541.12,26
839.165,545.173,26
836.228,542.875,26
835.799,542.404,26
840.824,547.405,26
835.755,543.832,26
838.978,544.758,26
840.364,544.667,26
833.756,540.123,26
835.55,542.744,26
841.693,546.062,26
837.072,543.122,26
836.505,543.046,26
836.018,541.291,26
838.461,543.129,26
833.574,539.89,26
835.016,542.913,26
844.722,551.371,26
840.657,549.975,26
836.452,544.92,26
835.295,538.885,26
836.202,540.792,26
837.655,545.13,26
837.554,542.868,26
835.481,544.581,26
835.774,543.762,26
833.53,543.633,26
836.642,544.218,26
840.698,549.323,26
834.994,540.45,26
836.329,546.37,26
834.644,541.775,26
839.016,548.417,26
837.405,541.381,26
840.005,547.394,26
833.25,539.643,26
839.795,543.064,26
835.74,541.9,26
839.306,543.991,26
836.183,542.653,26
840.157,547.574,26
836.633,543.36,26
838.721,546.867,26
835.201,545.269,26
840.069,544.732,26
837.783,546.627,26
838.879,542.218,26
833.544,539.15,26
836.293,537.944,26
837.393,543.711,26
837.26,547.055,26
843.053,549.275,26
837.542,544.277,26
837.011,543.082,26
834.171,543.861,26
835.991,542.026,26
840.536,544.936,26
837.161,547.845,26
837.771,542.144,26
838.043,547.312,26
838.35,543.573,26
843.204,544.359,26
839.801,548.837,26
837.997,547.688,26
838.055,538.511,26
837.962,548.046,26
838.772,542.327,26
839.534,543.85,26
838.217,542.968,26
360.242,558.294,27
355.516,572.102,27
351.987,566.502,27
359.269,567.493,27
359.323,571.944,27
353.086,562.229,27
358.982,553.321,27
363.686,575.833,27
366.102,570.526,27
351.934,570.936,27
361.322,574.713,27
357.517,568.466,27
356.201,566.497,27
362.179,560.861,27
358.414,565.281,27
354.012,561.96,27
353.062,557.435,27
351.757,569.201,27
353.292,577.361,27
355.689,573.916,27
367.879,558.732,27
357.207,577.022,27
357.186,562.725,27
359.141,571.616,27
349.763,562.658,27
353.817,572.596,27
356.016,568.115,27
369.3,569.379,27
349.667,566.212,27
363.71,566.532,27
358.026,564.737,27
353.244,565.89,27
353.917,570.191,27
360.009,560.29,27
346.71,563.611,27
347.217,568.656,27
351.885,567.192,27
344.87,575.872,27
345.19,563.072,27
361.449,565.165,27
362.027,577.921,27
358.94,574.31,27
354.238,571.547,27
351.703,558.329,27
349.104,565.091,27
354.509,570.177,27
359.347,573.025,27
354.807,565.486,27
363.473,570.183,27
357.518,570.697,27
355.461,571.357,27
355.483,568.803,27
359.634,567.994,27
366.574,571.058,27
360.889,573.63,27
362.321,567.792,27
346.226,568.014,27
366.529,574.447,27
360.178,562.771,27
362.203,567.468,27
348.371,566.77,27
364.241,566.596,27
350.622,566.149,27
366.384,570.467,27
354.724,570.179,27
361.535,566.056,27
351.869,559.668,27
359.213,569.473,27
353.241,568.236,27
350.806,565.708,27
364.855,577.249,27
363.578,568.625,27
355.709,567.398,27
353.684,577.405,27
355.704,564.568,27
356.887,565.399,27
356.426,573.205,27
346.511,570.276,27
353.83,571.853,27
359.009,569.632,27
352.764,580.603,27
349.559,563.208,27
352.316,572.181,27
358.924,566.518,27
355.756,562.527,27
352.067,563.296,27
367.016,581.393,27
365.388,566.965,27
359.674,572.988,27
355.525,563.304,27
359.62,571.254,27
361.983,570.211,27
355.812,569.876,27
351.422,570.267,27
358.753,563.245,27
367.509,563.322,27
355.282,569.972,27
353.975,567.704,27
353.317,569.101,27
368.893,577.035,27
357.86,565.805,27
350.625,565.791,27
356.25,573.461,27
365.677,565.841,27
363.688,571.05,27
357.875,570.859,27
363.09,561.89,27
360.03,569.866,27
352.905,576.613,27
362.906,559.859,27
350.16,563.086,27
365.173,562.445,27
361.333,566.854,27
361.165,561.051,27
353.13,566.848,27
356.737,569.588,27
360.474,567.305,27
370.763,569.992,27
355.661,561.321,27
352.703,569.507,27
364.638,567.602,27
351.458,574.646,27
826.67,15.5371,28
814.725,27.7624,28
832.586,16.5087,28
834.809,23.6013,28
825.526,16.3943,28
824.092,6.42507,28
821.996,26.5064,28
803.658,11.895,28
821.575,6.44002,28
827.683,6.79141,28
819.034,22.0156,28
815.952,6.47406,28
810.924,27.9936,28
810.621,16.6127,28
812.204,15.8323,28
815.326,17.3097,28
826.18,25.4495,28
843.503,8.20259,28
836.386,17.1223,28
837.088,30.4733,28
834.855,21.0116,28
830.861,17.7481,28
834.865,18.7006,28
818.92,6.04872,28
820.617,15.6614,28
831.973,23.7261,28
819.075,31.6513,28
829.872,12.8497,28
831.047,10.2474,28
821.675,10.3605,28
830.758,17.1569,28
813.401,27.1829,28
816.18,20.3858,28
805.758,22.9014,28
825.245,4.89433,28
819.362,14.9194,28
828.907,27.725,28
819.373,11.4874,28
820.308,18.3909,28
830.55,7.31207,28
836.174,4.66664,28
831.428,17.2845,28
816.99,14.3816,28
827.448,33.5914,28
819.329,21.3474,28
818.508,14.5225,28
817.647,11.298,28
820.538,18.8618,28
835.825,18.2854,28
819.374,29.4921,28
819.375,31.4174,28
830.885,20.4903,28
831.927,27.976,28
821.09,13.1126,28
821.429,24.9828,28
834.252,15.4057,28
828.239,3.33523,28
821.346,11.1748,28
819.601,25.2735,28
835.845,25.6338,28
820.548,21.1824,28
798.311,7.02776,28
829.232,24.7952,28
815.74,12.9173,28
811.104,18.5464,28
814.327,8.76876,28
810.685,20.6851,28
831.221,24.1467,28
820.051,19.6685,28
798.08,19.5336,28
842.042,32.0714,28
819.628,16.404,28
818.467,6.47986,28
828.12,21.4558,28
829.646,32.37,28
828.296,29.4318,28
808.548,36.3402,28
830.798,13.1324,28
814.615,7.88115,28
829.344,21.1235,28
834.49,23.4272,28
838.539,2.71715,28
831.256,20.7602,28
835.134,23.7131,28
824.23,22.5859,28
837.169,20.3545,28
811.788,14.9641,28
812.713,25.4631,28
828.656,12.6542,28
804.258,21.2043,28
827.402,15.1218,28
837.641,15.1987,28
818.097,13.115,28
825.106,8.1645,28
820.245,25.9079,28
818.497,9.02713,28
828.98,11.1874,28
828.898,2.74004,28
818.297,9.52226,28
821.07,11.9606,28
813.812,20.7665,28
819.1,13.1964,28
822.92,32.191,28
829.543,23.1938,28
804.25,3.07615,28
842.548,29.5463,28
839.289,4.80018,28
831.931,20.8509,28
818.81,20.5352,28
830.153,26.2777,28
832.259,12.9769,28
835.917,7.18168,28
819.563,11.3844,28
821.331,16.0675,28
842.673,10.6355,28
827.906,15.3459,28
806.699,-4.89432,28
829.61,17.9058,28
828.601,8.39008,28
830.635,17.7253,28
823.023,5.16798,28
830.652,14.3984,28
824.055,21.7306,28
833.874,24.7621,28
826.116,4.75848,28
825.435,10.0087,28
824.017,21.0919,28
815.388,12.7209,28
845.721,16.2968,28
826.226,30.1552,28
826.105,12.4103,28
819.711,13.1842,28
822.883,28.4666,28
828.914,5.47044,28
827.553,4.4318,28
816.374,17.2464,28
823.239,31.1939,28
807.489,1.70766,28
812.55,15.188,28
819.913,26.9343,28
826.053,37.2762,28
831.627,11.2374,28
843.314,15.7624,28
816.49,27.65,28
798.477,14.3868,28
837.796,20.3004,28
831.367,10.9955,28
833.728,13.4664,28
831.516,14.9046,28
834.014,17.9644,28
818.903,14.3033,28
818.709,21.578,28
821.69,16.2725,28
813.925,14.9852,28
664.481,676.269,29
675.379,683.371,29
658.536,672.406,29
666.788,678.235,29
670.391,683.493,29
668.248,679.233,29
660.968,671.039,29
665.763,678.73,29
661.999,676.036,29
676.065,686.49,29
675.988,687.471,29
666.476,677.057,29
668.783,677.164,29
664,675.103,29
669.467,684.767,29
663.675,675.611,29
674.005,684.803,29
665.474,678.293,29
675.819,687.17,29
676.157,688.706,29
670.516,683.671,29
667.336,680.465,29
669.717,683.639,29
664.311,677.904,29
657.574,668.02,29
666.831,678.841,29
664.3,675.818,29
673.487,687.129,29
667.247,679.58,29
671.975,684.69,29
668.959,678.518,29
667.301,679.777,29
652.374,664.569,29
658.967,670.908,29
668.862,679.058,29
674.248,686.844,29
669.77,685.184,29
670.97,684.753,29
663.605,676.18,29
667.563,679.055,29
667.218,677.774,29
668.975,679.414,29
667.033,679.089,29
664.617,676.656,29
655.071,665.167,29
652.079,664.429,29
666.927,676.718,29
660.715,674.359,29
675.231,686.732,29
663.948,677.595,29
666.038,678.293,29
662.387,675.909,29
669.744,682.168,29
665.743,677.687,29
664.182,676.656,29
671.054,685.514,29
674.679,682.25,29
665.678,675.799,29
664.689,675.992,29
663.972,677.023,29
675.454,688.365,29
661.597,670.722,29
668.594,681.681,29
663.144,673.987,29
664.735,677.397,29
674.734,686.174,29
655.727,666.992,29
673.301,684.812,29
666.24,679.842,29
658.932,670.042,29
670.754,684.031,29
676.34,688.286,29
667.584,679.837,29
666.733,679.193,29
662.788,674.211,29
664.58,676.604,29
667.828,679.48,29
674.668,685.272,29
665.602,676.13,29
672.417,684.675,29
673.339,685.847,29
671.513,682.379,29
666.823,677.943,29
673.231,684.955,29
656.559,668.229,29
664.897,678.436,29
663.27,675.355,29
668.315,678.605,29
665.751,679.495,29
662.877,673.157,29
680.519,691.524,29
670.244,683.165,29
663.513,676.612,29
673.282,683.471,29
668.922,681.055,29
666.08,677.808,29
662.005,673.235,29
661.484,673.633,29
660.411,673.446,29
670.634,684.919,29
662.358,673.541,29
665.36,678.085,29
671.792,683.18,29
671.333,680.753,29
665.984,676.52,29
668.96,680.933,29
677.934,689.829,29
668.984,682.382,29
672.766,685.841,29
659.682,671.002,29
669.272,680.452,29
672.001,683.242,29
661.84,673.566,29
659.784,671.999,29
658.805,671.115,29
661.43,673.195,29
674.37,685.497,29
673.856,686.905,29
666.324,678.371,29
660.414,674.038,29
664.208,676.397,29
658.186,669.141,29
658.755,672.238,29
671.309,681.113,29
666.231,681.248,29
667.34,678.112,29
662.318,675.297,29
670.152,682.122,29
670.522,683.303,29
665.557,677.6,29
666.135,677.005,29
665.459,677.202,29
667.29,678.369,29
661.999,673.341,29
126.031,156.814,30
129.261,158.231,30
126.921,158.164,30
109.982,142.8,30
111.076,143.959,30
114.44,144.332,30
130.218,158.624,30
139.701,167.765,30
129.106,159.945,30
121.999,153.45,30
121.029,151.894,30
116.087,144.982,30
105.44,134.415,30
119.211,151.702,30
134.83,164.558,30
130.669,160.993,30
136.282,168.926,30
141.125,171.574,30
130.051,158.295,30
111.841,140.221,30
110.825,142.688,30
137.973,167.686,30
129.249,159.113,30
130.462,160.639,30
133.104,165.525,30
124.954,154.812,30
131.923,158.317,30
133.8,163.973,30
119.29,149.257,30
116.38,144.716,30
121.727,149.49,30
118.82,147.063,30
118.864,147.874,30
103.051,136.302,30
123.919,153.706,30
119.163,148.981,30
116.972,146.925,30
130.354,159.082,30
119.527,151.803,30
117.846,148.355,30
129.12,159.359,30
123.545,151.998,30
128.299,157.702,30
123.615,153.52,30
110.282,140.214,30
124.327,153.64,30
124.326,155.364,30
124.762,155.642,30
123.215,151.334,30
127.734,158.974,30
120.828,150.035,30
118.732,147.79,30
109.299,138.531,30
131.139,162.499,30
115.448,146.104,30
115.451,143.957,30
116.326,145.309,30
108.361,140.053,30
132.254,162.201,30
125.485,156.679,30
132.042,163.51,30
127.209,157.348,30
127.083,157.01,30
107.695,137.504,30
120.939,150.931,30
131.262,161.586,30
102.19,134.062,30
117.793,147.934,30
120.722,149.748,30
109.393,139.6,30
134.061,159.561,30
112.429,138.221,30
115.55,146.093,30
120.618,150.189,30
114.573,145.332,30
113.367,141.662,30
136.787,165.475,30
126.854,158.184,30
132.675,163.945,30
118.664,146.307,30
137.014,164.767,30
126.621,158.487,30
134.82,166.451,30
117.415,150.804,30
127.222,157.881,30
122.875,154.293,30
118.384,148.424,30
133.887,164.147,30
130.866,161.302,30
125.372,153.239,30
131.217,162.395,30
116.488,146.549,30
120.846,151.27,30
124.761,155.727,30
121.433,152.389,30
111.985,139.051,30
128.861,157.548,30
130.777,160.962,30
126.785,157.286,30
122.366,152.611,30
